100003271276265
100002511611907
100000630246375
100001764514327
100007031734083
+419853318429848
1405850742837406
213950212338785
100002167240718
100003063105734
100004194484844
+100002247296767
100002029161758
100002073358338
100005305213309
100000885519994
Sergej Walter
100001803941662
+1731655100401184
100000655926950
100005530891996
100001441460947
100002646734735
+100004559226260
Игорь Фадеев
Alex Danube
1266866983466023
Natalia Solovyova
1083700708364768
+110694409477164
262760334108186
1105788883118630
100002478663698
100001806123217
100000178773846
100003580457229
1562106694085776
+877785285687759
1693789417311524
100000098975815
1033646308
100001868946072
885488301523253
+1038438849533499
100005773656364
100003085666211
787899144681133
Оксана Бекетова
100003545111146
100001621231576
100004374998667
100002966118820
+100006834857025
100001147713615
+1309479299175541
500425313648010
Татьяна Журавлева
271932073504456
665821678
+1191981864192246
1671665356
100004493652555
100000482301301
100005043311244
100000957594169
100002300315183
+113625342487862
1944327995809356
Mashu Somerholder
2390824007873396
+100001135172426
100001719400297
100008287304271
100004985446997
109373089825014
100001605710748
100001098055315
100004497156058
100002179791252
100004333484000
100002014735855
+1799336696968244
100006727390336
1466817286970797
10155471517413635
Александр Швец
3553611851323228
100001057191148
100001273290026
100007221164991
100005372538846
921439297912882
+842695839178747
100006022442735
100007647519371
100002835859647
+179983025804249
100001540786723
+100001255285115
100001271518660
100002641950839
100002143237587
+747747202026100
100002580468600
+153678611753324
+658668787677273
768466510023919
2010737272524048
Ro Cornholio
100000780792131
100003651973061
100001114901597
100008743337588
+844535805662439
100007690504370
+1044905345586288
+100006339617297
103328040182868
2003671219673357
1674938002826360
1779462638831766
1998972493484925
Sevinc Yusifova
Юлька Филатова
100001475537118
100002883215720
+1166759050068526
+2140576649504345
100000862608659
100001189936187
100001138967436
+100000228122462
100001486360331
100002794374552
100008389157314
100000458756628
100001046578887
+1612655079015308
100000762360223
+100006425656221
100004687420918
546415047
+100000619898549
100002346571471
100002162977842
+302074610134862
100009206959081
1161174043948719
+101248093783459
1247605312034465
Mak Fly
Нина Ладыгина
2569955956428921
1020007764677506
100001229623365
100000997324069
1352402219
100001318282466
100002838429674
100007372560358
+147088852488651
209661359558676
100006280688541
100001738358532
100001681907358
100002469006151
100003598349266
100001795151225
1013032845404556
1752845034778479
260594001326233
1331701737
+100002168337188
+526620764156157
100000978132559
100001518292327
100002484865795
100001123414672
284009848695988
684920521670663
828869177261887
Larisa Va
10216285299518596
2760160950715543
1967373616720867
+943660299004655
100000298344325
100000909276914
100005283874081
100000666372486
+100008389266638
2334861733409624
102364837686797
1124137089
100001703759218
100001016723836
100004759064865
100000502348910
+1070160363054785
100001376451422
1722805557952585
Ольга Матрусова
1302921963
100002091382952
100001097381692
+1046658942035684
100003305261456
100002705488456
1307047292
541089356431046
100000005034208
100004485284604
100000122915778
1536925450
100004349857956
937810436281747
+172202366888772
Zezbala Menteshashvili
Сергей Михеев
100001852498557
100000757271832
100001751551132
100002215633710
100001727259664
+125698151212193
Вода Онлайн
+102289333943277
567111213728742
2444471669109333
758538577828254
100002171454693
100001789032738
100001758754687
100000078115616
100008338875497
+1167348373352851
+1698984597060551
+147807592728527
Franklin Granadillo
Андрей Сыров
2366266440288742
100002004925341
100001586411345
100005302961540
100008973316870
100002466085666
100002418552150
+868225253253753
+130906004134681
1273055016145848
159499218800104
100003878234484
+100000501896751
100000771731452
100001003108180
+100004452251569
+1164834396922507
100002041208334
580158215472668
346469019023009
+119934105505533
+1021150425
100006522432342
100001358890595
100002754877034
+100008702883088
555150271491932
Gaye Anadolu
Dima Escobar
100000378791443
100004249354910
+100000909014327
100007742130208
100000703878797
100001070633173
100002388224993
1221219591290942
2437489039907371
100000100067817
100006070060143
100003366188183
100000905583947
+100001272101208
+243114956225857
1808084426126712
Салюты Фейерверки
100001096731310
100001801483884
100001160442366
+1062550633813619
+133693770302487
100001808975246
100003228842173
+1461432000550726
100002760521354
100002089969034
109909809534888
930059390465639
416272629155655
100001675348400
100001829565486
100001106601898
100002600570171
1907268702843832
1530553770400035
Somemind Angsupanit
1150275527
1433940750261876
100002197705020
100001467129641
100001099338631
100002219258550
100002991257000
100008617661483
100007795454599
+1727699314214415
1630344483935865
100001951058308
+100000599850251
100000995070813
100001904517319
100000213349322
100006894221848
1663376047047184
154515099093686
+1076734798
615646659
100001529357202
100002406466696
100003616651230
+1436189066426087
100001234934838
100002509437753
+100005993412432
100004095225844
1416932288631043
488580367985840
100001741029709
+100006114228332
100001240244196
100002061242923
100002574241435
100002333563186
100004226763938
+1712511845696096
Marina Goncharova
Armin Vishkahi
567585050612289
Илаха Мамедзаде
+100001271518660
3417723004990451
Рус Русланов
1221346321561971
+1352402219
+100003598349266
3456306904460432
Александр Садофьев
+100003305261456
Кот Исенина
773521436839558
Pavel Svyatenko
