74955325171
79263400187
70112059
9168644536
89161330068
89251445528
9637799993
29818318
89264797157
89365554013
84997330953
6837723
168107163
79602853340
89029710491
79629784269
79258819781
380638749041
89252420122
89778349008
89255154343
79999172709
79785502680
89175224256
892645625
79154682502
79118672027
11111111111111111111
111111111111111111111
89104252075
3591077
43670589
89035077508
1234567
79169235121
123456789
123456789
375257188041
89282685181
8353264
77777777777777
77777777777777
79313515937
432748062
89687231347
89856142714
89858546115
8314134560
89215563455
618811569
89998380648
89188171340
89058705977
89168105390
89998269081
9722061
89517425176
89210600534
7926343016
7926343016
89032086255
79258951119
37377832010
79622132229
89774713747
89307628040
89257774348
79162731608
000000000
000000001
89851808804
79011212101
89127897109
89515091486
8705234969889218712878
89195032210
79268252207
74993993899
161531617
79688853300
89811468455
89253125016
89856130346
79055527860
437797538
89158431611
380713103277
89375974628
74957432710
88005514533
79968962125
89649208075
89269790911
5152535
89651945978
8915012
8917715
375299098860
84952011630
79811404579
86584987
7567898
89153692614
79153692614
6193352
37360133564
89053757510
89169189751
79652418941
79031863115
82222222222
84955555555
89853569876
89192562081
89250760282
891668865
898577811
375447392991
892691128
9264499
89015554222
89772514511
79255995233
89092982064
88001008644
89150222880
89160222880
79272154954
89299333319
74986022044
88005505030
89195105455
8901542
89260016490
1001001001
73537232
7905848
79778710120
79605260303
89005264570
89226658963
89266380406
79067383376
79266711082
79970575454
79152064897
79212218560
994553313039
89255772502
89175842282
375336102348
89869665500
79031164212
8897015463256
89856427959
79256462580
994559092423
89274125394
89522979781
79203385416
89036770152
89531473481
89112242206
8890711532985
849529500968495295009
89262831180
79951075692
8499904
89261630932
89629567021
89163069460
890966354
79080127673
79080127673
84997556648
79054984150
89032293330
79876681777
79602107395
89217669499
89615680262
8967281
89032934582
1068799861326429
89190206646
8912288
89161554777
89998282909
89260412847
89204857630
6809307
79179136316
375297881555
375259513172
89250202
79999997905
89296054717
89031271438
89625103210
89661988277
79818856893
79262224860
024725569
79083064607
89855801913
9863834
0508422290
890966747
89536753115
849917157
89250923643
89254155764
89026936
89991254547
89027648440
165715185
79258214818
88005553535
96364804
89161230044
89035393146
7777777
79263900062
79263900062
89234196174
89212564996
89826990173
99364099506
89059791980
89859833665
89163915757
9254090997
79263388209
79194420122
89161690968
89048257321
9286097
79259268236
79169166264
79262835890
89045414915
89654788813
79163156979
74952953033
8216710383
89121051163
000000000
000000000
79788532199
79089582790
0938525355
79138709549
74953774067
89920190043
8937445694
89161101062
792717277
89999933
8963190
79639201871
0983390038
0983390038
89307460805
88001008644
12345678
89773816067
89163623355
84955222189
375293936546
79657615209
79263955148
79776026691
89859707505
79253813142
895389763
79852883292
998941857966
79780535892
7986929
7925221
89295935926
89262241811
74955034400
79897137340
8255132429
89253595322
89151531458
89091736073
79261375779
79100010108
79021327101
79113104486
89629453457
84955314820
79005193923
89503947212
89057865787
89264621819
88795620321
887015932540
89273755822
79030010401
89260722799
79263998740
79151985836
84986566550
5053664
8499157
7777000
9264697988
89206241773
79651471206
2123345678987653241322334768997654322
79099161520
79169666
9830238
79852177717
89119694506
322223322
88003333828
89264806928
79055837732
89315821770
84923423262
7929650
79250757272
89005361960
79110027313
89153235250
9212709147
79138911115
8666666
89263669409
9628862958
89153064572
849555316
79055807535
89686341578
79297121821
73512362020
89266396860
79970575454
89191939307
89252147422
89299100313
793242189
00000000000000000
6776677777777
89154683482
89685308203
89141320610
89080549027
137735710
79775209679
89686826041
79337775444
89515460499
79160296096
8911166655
37533605
89502832090
89773513125
89120257699
3754459668
375179540424
89686725340
87773994474
79854144436
89055791505
89150957755
89858047546
1418575
8925855
79253109386
5555555
173325393
79851870379
89160308386
380956642686
79885471122
89153376032
89185047912
78332266898
79229038898
74957963812
74994083752
79184494777
79184494777
79523927707
79992126178
89099101271
9198455784
269458256
89539445058
79771879472
068593837
37369770392
37324361073
89150006430
89991063620
7905293
9299760307
4993981099
380660005661
19562019
792118702
89209546205
88001008644
89260194000
79650154449
79788004323
79276595329
79276595329
380506950272
79771680524
89929999825
89067777093
89855189375
79060966602
79151380000
4236781532256834
89627576119
551622675
77895602154
8895601123
79299996410
9774164850
89096380568
182597124
89165716652
79254116898
79170652244
89260145863
79150000001
84950000000
79115455530
89086550004
79167823605
08011991
74957288980
79167878628
89854663653
45750532
89277883327
79195103252
89687713
84957522
89150401991
84985003586
79262043057
322223322
322223322
79858886784
79660006006
89043842012
167495451
89526627151
27645189129815392
88888888
0931611681
89774294347
89261351840
89114072759
79867637887
89671687301
89653947063
98776656
876564534
89038243379
92633614
89021463509
89657779999
79852845283
89167772578
136736188863
79024034326
89856489605
00995591280305
00995322583392
8953673
89539438355
89203063607
89195161832
89636981446
79168896599
79787420417
10022019
89060050505
89060505005
79266561651
79285805152
9379992
89267887290
89258381443
375445632862
375336843215
9504396309
171549763
88005553535
79851641646
74965394284
9965558651
0999623461
89100000000
8495000000
88332646571
88332646571
79161113728
375447605818
89663114540
8952402820
89163605180
79104798437
99365551355
89819886191
79516777844
79296330309
74993405625
037377714211
79117480029
148990590
12345678911
12131415167
2289330268411084
89251857614
89259173143
79046499494
79256004484
79042878735
89264178531
89374598037
79859701942
79652666007
68924310
89060816466
89150961463
89998604727
88002346006
74957306767
143210872
154984058
89686175719
79775772099
89296564224
89645002524
4935768129
79788882888
6666666666666
7777777777777
79262853355
375259055356
375257549628
79508442412
79532664261
89138330552
79296589199
79267286866
89260818681
89152719301
89651855713
74952273626
79623666833
89150838488
89229932119
183713699
79661397211
79112302228
79227584385
79128003636
79297726884
89162585686
84957888914
778950652324410
885926015435
8895602136542
8890154762026
89831589365
74952084636
89067877607
89817629497
79153908143
89169673718
89262707233
79268722047
89218643204
89162500652
88003012434
3393272
79253595322
79253595322
892081068
79680755508
79997830816
79516778155
89279922609
89050283257
89254437315
89169104548
79104250000
89375377717
0669845
79670061572
89265432129
89168519545
79299305271
80001111111
89128335876
89858812866
89315348339
175083921
9506266004
998912995949
998664652970
7777777777
3737733
89128269846
9167579282
79095969824
89277767775
79522758386
9522758386
89057920908
89097161865
89162934874
89189556
89121106593
89882516438
89037315364
89253552639
9268872028
89685328132
89296145831
849966120
010666666
79279171043
89645731326
89811530955
89371833270
89198068720
79619216155
375298989429
375339006702
7886835
79122970618
375292688646
375291848097
89099105280
89043711230
909977648
89045899372
19552011
89128286929
8332219524
89093049192
213662489702
0504577980
34650567
89773402106
9774454836
89660255142
79117032915
79117032915
89687450569
79119285428
89512978988
89222910636
89660478737
79787438253
89263768310
84951011774
79637841539
89295352168
89060501926
89153749082
79858927976
79263372311
89777467544
380507737281
89209415596
88001008644
992550656667
79851623254
79509164078
9854610085
79853092114
79685652338
00000000
89058809034
89273273735
79104790533
74991792021
79852369541
89614454314
89280400034
89056532881
84955575500
84955580163
79966428900
79117977462
89522126200
88001008644
79780262739
79172281488
89169765691
88003012434
88003012434
74956417001
89205528428
79671129260
79999094049
74951421949
89250881880
9885240
74957777777
79173522166
79991312682
877956025154
7798656015
887094866525
89852481974
89103025032
89652617255
45389801
89134516626
38481412472
89031392255
89229058161
89265785325
39489564
79167202742
149119835
892573017
89257839295
89265727071
89035166570
89260730
79787186284
89165716652
792616109
79996663333
74952520154
9525975840
8983224
89263144453
79645568376
89032499035
89999806593
89778805785
84993945785
79037800030
994556415705
0124588148
892666666
89102969412
89536244564
4276400048964887
89109882652
89246202312
79670793319
89112302228
891188889
375447751558
375292408600
89651418002
79263721857
79291147884
79006236127
89299767710
89777379959
84957982856
8900000000
8900000000
89090272627
89653444673
8916085
77772647855
89613812615
89372021364
79150565111
157001417
89523893760
84826421477
89600166515
89252690211
8915227511189175503198
66388071436687828
89115512183
89036720224
80295788924
80176538400
380933036737
077700981
89176595879
89855252803
79644955010
375255437672
0637326
380972457084
89299324952
89067352510
89254632603
89520875604
222280618
89067747974
88129285892
89777286987
89271767069
89266975020
89512520613
89260426426
89853361167
89296661019
79132700189
79150987878
74950667878
79251172894
89360001047
89202491313
89851215676
89163623355
89373009043
89994256666
89260077733
89167958101
89163232134
79031805807
79608560509610854
792655555
387582446
79167285390
2801020
89130301020
89263712825
89250771866
375259922
89166394828
84985539989
84955038658
89171649347
89028434844
79536844616
88000000102
89686179161
79680622201
79254161217
380714126135
88003333791
79262557467
79253258680
79153909234
2128506
891755081
79150762557
89052997697
8915200
89258221328
89651672125
79107900324
8917848
9379992
423678121053704
89191982924
9067055454
88002000600
89123380257
79100199774
89169777387
89777261588
80274495
89052807796
89200071966
999999999
89999771803
89162552200
89504972772
89165754386
79258604752
89197623424
79175004367
88416742171
8332000000
89169450101
89108747501
9174375145
8913516
74956424625
8902633
89056368604
79851003314
89154154982
6666666
89515613894
9090515997
0664734266
8495125
89163792619
79258449611
8870649
89036628331
070070007
892312702
79260886752
89686723395
89229533131
89257911744
89123200679
790170415
89677020706
89803344601
89536906662
793724107
7272590699
8986968833489631325822
375297608229
89175341650
375445320927
77026163942
380935609327
077964866
077803740
89529943109
89169663911
89685462308
79125447578
89263199617
89060869994
89267630945
89671159438
79628169325
89035828642
73312060
89605538909
375291676662
8122444445
89252698880
79636066888
89313777006
79313777006
89951160463
89178210470
89539432345
79030548578
89175118085
89032796974
375299286206
375296587304
89999757872
9231575868
9231575868
89038579705
380960496
88005553535
79637107883
79629161642
89125316246
89888016288
89888016288
89048539375
89114202570
89284905599
89651546474
79017034681
89157336858
79112162682
89999223565
375295204643
0992838571
79683837663
79259141036
79289737013
89773417673
89315919831
88126280648
79170750323
99364497740
74951049810
88001008644
79009238257
79029525652
79689619888
89531352053
89637126206
89091438526
88005555535
778956025154
88701896524
88790153025
89217969970
89670654406
79670537315
135281659
19411945
89253543384
0500000
89776619084
89181503767
89105783848
79870390825
89536718896
89099300614
89779452418
89123709636
89231608090
79513244131
79214082840
79651440156
223222322232323232323232
165776855
55929490
89127145162
89261157260
89167859341
89772684122
89274595903
89525628209
89262585334
79787026459
3355523
3356214
79216482668
89636954858
89266806565
883458386
89857168168
89057696962
84991916563
89777244369
89278240073
89150301680
89120134955
89166053444
89169408999
89671185103
0507557963
80000000000
2410000
89293013731
89785954215
9258874717
143975057
89652617255
375259120444
89999257451
89687685550
9823934338
89108437296
89266380001
90311155664
499707772747
89515948484
5358596
89622628363
74957007777
74956360636
79166126938
89653538539
89269867441
74955035536
74955035536
375292610957
89268834029
89683732373
79655162499
89997711590
89654001290
89114296398
89165965178
89026461305
89223894845
89505130555
89295352168
89060501946
89265153896
89858066636
89063597229
89688919095
89040700654
89374490977
79088396694
79657688089
177722528
79853016666
79268730290
125594512
79257418051
79836753457
89850642168
89204388458
88001008644
89884834860
79066953888
79532988221
89261615948
89288829792
89181721647
89296491243
89296491243
89005964560
89957457877
363712245
79176048
0508735845
0714436775
74956986037
89513521537
89035951966
89295352168
32438783
89998120505
89652617255
89257725682
89042567182
89639997964
89281006435
89166624252
89196679174
89824612976
79263674548
89144102865
79320113018
89045551254
37129662776
79269316922
79250736403
89295356720
89295356720
77054655907
89998397874
79120336058
375854950645
889405130265
889574515032
84955034154
87789051322653
889706532514
89876017226
89373020755
80159571329
79252865539
9832560
79060747482
89053971133
9067643380
79267574904
79506987857
9067055454
89295969811
89104066975
7926130128
89261048245
89260716426
89774244149
156711334
9216057925
89203773433
8965234
79055611885
849912271
79216516108
79854230191
89506722673
89118550478
89182172115
0951546224
89136387817
84992425685
8964500
89205962133
89102221462
89645186333
9057771820
89150543370
24746817167273
88002000
9881199281
375295704125
890579623
1792310
89197717
79025151
792777770
89672181601
178160492
89250297809
89150071542
89204833226
89250438407
5001500
79187566987
89872577796
79965570840
375295434512
79101565357
3809616
5356134167
79269355006
79050967376
3222281337
1234567890
7909311
89106879009
79037737748
79629089468
293303785
89036200506
89536939964
79774207550
89880657180
89055177068
89032537273
79152304688
89652735923
8903120
89539468029
79671802282
84991307992
79154948461
654864658
79035488447
171133255719
89677950200
79538887923
89151111111
89180027273
89283300144
89531820345
89175680988
89885092751
88005553535
89270983963
88005553535
84957650184
89775383164
79383111500
89773532515
89149527637
299088248508
898518472
89525377999
79265224727
89250551750
88001008644
89877555
79250688940
12345678
87654321
79199695259
79006564965
78129803036
88001008644
79773888681
89284443186
88001008644
89654299870
89856606629
78120573867
79654513480
89188263160
79283831
89256757405
79581557956
89853092114
89685652338
79086302662
10001900
9257599880
4993981099
89636758380
78632107167
78632107167
89175184271
79241033392
380507475288
89218578576
89117064727
89152032283
79520000000
896825201
89778565966
84957838281
79857405246
89852123953
89119929030
89257673000
89252255965
16507599755
3475175379347517842
89253262025
4236781510550929
89774883536
89652617255
79261244078
89297710405
89526957722
79267272603
8896032514774
889701546253
89914002035
79772768712
89993475992
53472907886680
89164704049
9379992
89261517867
792690308
79778740060
375290000000
375440000000
79046434846
79152387029
79261400600
79263452989
89296719359
89373625570
89629215709
89216666
79201775994
89261625839
79118116069
89233999105
89162843719
89167978543
79854263865
89295922751
89087620962
89104513577
89091624917
7909962
89832133778
89854181086
06229753
89054398172
89261936118
79153016974
89151190690
79828103732
89127227401
79115000763
89055686777
89606513252
0962019107
05844158341
5514564
79150354718
79218473635
89166736955
89266663487
89191777812
79857892818
798675778
79215259142
79057946699
79827172400
3432712400
79093044440
74951557564
78312351975
380500393164
2654514
89531770877
89614444843
79151501594
79851556732
89082606341
8925060961889165543292
8926904705284993903852
89995349533
89232552003
89055159511
89043154977
89271122222
89277777777
89261150997
01921384116
01921384116
89773952440
89992252976
78127402063
35355558008
74957956676
79037956676
2774459
2774459
88888888888
89270700275
89372011426
79117866296
380664560287
79038252772
88005553535
79788947629
89663691599
84957730279
79218025547
89684044375
89849999942
74986020140
89998001448
380977516789
380967879021
89672106404
84959684538
342244131
89150063812
79215714464
79166240220
380502415383
20192020
89646293434
84955241118
77779129621
89222982756
79690607007
89375275287
89661317540
79782763213
89652617255
998913272136
6600004
79663634977
79660695664
79108259497
89859117044
89236996678
889705145625
89652617255
77777777777
79508950136
7798015423652
889032615477
887096325141
889701589655
89119274174
89296629296
89261625839
89264347921
79253595322
89690175226
89043028847
74993481500
89097175656
89229170031
410013838702854
12838679
79871436442
79777879937
89660325046
7915174
89854250324
79217799366
375292948894
89179759205
89253008797
89265802896
89065555
3240234
792649244
79005528530
375298930301
89264332555
89264757328
84954149964
89082255848
79026488611
89858886961
83553090
79023277597
79176794246
89992203144
89611045074
8968759
89602183030
89263123139
79244018709
89253451229
89153491556
89051409400
89651794955
89150278855
8235159
896882644
89885601461
89097972677
89857359623
79032045937
84956691165
79095560773
89854495274
89059431209
880020000600
0000000
0000000
998909454623
7930343
89056962512
79535031269
89295190938
89776037910
89258363434
375447448239
89037240398
79152626289
89778604086
891081033
89874474085
80297788781
2666117
375292663014
89030205638
79264506232
89161635641
380662683234
996773212932
996552644378
89654101044
79123092518
79514780175
89162305870
8925913
8985858
79004611149
79114316088
798766666
89960026
89219980178
88123857722
36895476
0120458036
89876480059
89254008500
79149603725
4644644655464521
79046025009
89962319989
7511735
89032898003
89645244306
89605585180
63344346
74957233058
74957233058
944944944567
89252024340
89127003860
89263513989
84957674960
79087871951
89885806385
359885355288
79500257166
79110373940
88005553535
89058204040
345624283734
89539449743
9251744149
79525794608
89151255977
89161554777
89513506820
79778840662
79150507720
375291242469
89772573682
79228133766
89992555393
380960618639
057778956
88005501622
79781456734
89636341477
89124962129
89167203348
89684951313
78445975
89650428462
89161756749
89523317397
89663439418
79523018888
89629112235
89629112235
8916699
79771575615
79771575615
89208204482
89998412990
8794501563257
889701543
375890167352
89104484705
89269372172
89775819054
79772822082
79772822082
89030022334
104369696
79684141035
79031878078
79111220147
89672921991
79854127684
304086863
89851757586
84955143954
79055837732
77713770
89155642790
79638897990
89127341795
89257145452
89689023499
84965378772
79268147283
89637289343
89533550818
89259111636
79647285522
79068637394
0671627
89091530991
71711773
89885498429
22223223
79057840101
79096948389
89897176420
9154549940
91845700769150153075
79092334
89161375146
89066974611
2233223
380951405109
0951405109
89297937831
89195007311
8977573530
89803326045
89779025586
8903529
89260589175
4238333
89265278673
89200074614
89517400643
89036263628
79031869174
79852171257
89855541304
89250769856
464930422
89021746919
89653156678
79006563542
89165962471
89281331872
79780434490
0681584450
89200123355
89229051112
79060546329
89611414674
89261507799
375257954107
380992310115
380970945585
79882883230
65465454
89852309272
7950309999
79160102425
99365046194
99361532028
79899855406
79854348257
79854348257
89260312639
380686876299
89153366463
375336065528
151007115
157626551
375295300794
79642319903
89017784465
79105275468
79105275468
996555588646
13707193
89636887955
89603117999
4236781280293769
79167770
375447758889
89774563899
79262648554
1111111
79782025565
1066449332649808
89687356669
213554340653
89269320264
78332488890
79263945458
79263945458
89265586764
89372179470
79123658847
79251615112
79679777111
89817735371
79237346789
380714196836
889765230154
89652617255
79056310472
89026778623
83812790501
5514997697862
84955549107
84955542367
89163437778
89148058366
89245058366
89163903197
9165881813
89011370959
89031575954
89999094390
79151363657
889701543652
79253258680
79375190579
89500257166
79660826467
89809169475
89963351007
89262086080
386651630
89261757238
89263135692
144133992
79084842880
791659246
79514886666
89295410288
491699116
20495991
89814069443
423678127129896
493022651180
1787721032
9122555500
89055731478
61236186
89519235811
375292754923
8964779779
89254514086
8919774832
25062005
89859177777
89009055555
89250861742
89055851421
79872458813
89267638779
0000000
89508479280
89176080301
79533667336
79964989996
89197252013
89036856813
549632856
89263542312
89261431137
89258583206
89636796146
1234567
380503673542
89653136410
89853521471
84954848643
79195142340
138706521260010587
375295770637
0987654321
380713126988
380636446397
797822568467977755025
89295435743
79251637756
5670000
89190239
89150663157
89602639181
0676292
89065014743
89773194183
7977110
4957500
79266900412
89168317688
9168317688
79155328070
89246096865
896799569
79995231714
89308347148
77759426001
896488354
79525151445
89817355054
89215830153
380713056273
89535196028
79252235681
89268433632
9379992
79113175519
375291451479
079363533
029126584
89128238643
89817909899
89104250104
89324390543
89535510121
893769835
88888888888
793050493
0980166988
79819730059
79819730059
8336887
891391435
89037175575
89535569359
89264728799
89536967716
79787962958
89251887632
380505151
79023846914
79214675356
79111346280
89022692819
89303415401
89032148228
37369756754
37368504364
998935636656
89014057841
89304007000
89227430353
89774700451
89256861311
79199975123
89995551200
79048560838
79048560838
89261097101
8879051436259
889074615236
79062486961
